Eigvals	12
0.8425801039062022	0.33012709500577186	0.27966638068277594	0.19401931087846447	0.16603465120163005	0.15222689288326255	0.1443401584103359	0.11588998935833911	0.10007434706446473	0.07564517348269963	0.05953099595919797	0.0

Proportion explained	12
0.34249342822914186	0.13419063658835362	0.11367927753862919	0.07886530742579499	0.06749005421709614	0.0618774525657004	0.058671639000149725	0.04710716472981764	0.04067839490275577	0.03074838187487287	0.024198262927687935	0.0

Species	0	0

Site	12	12
CNT12_d7_S233	0.11530379538792102	0.026888325865208618	-0.05284757790338516	-0.048942092823304785	0.1750642892057294	0.07163873227105812	0.23455018757138812	0.013203399760986143	-0.06202353087193092	0.10457560135973652	-0.0741711963189448	-0.0
CNT13_d14_S268	-0.35824114547207586	0.06512294603424194	-0.13988816496168416	0.31136319249028144	-0.044943995071940884	0.12920466043710355	-0.02394860548155423	-0.0028152293766484002	-0.07397504747383249	-0.008924732399555796	-0.003857025081682638	-0.0
CNT14_d14_S269	0.2570119813934976	-0.20931895432143108	0.09222613189433038	-0.03332374635930552	-0.29435511556521415	0.054305339718576436	0.06919446093260395	-0.06456191964233031	-0.07146700308750506	0.021497856504685282	-0.010655168058319817	-0.0
CNT17_d7_S238	0.1892300868858304	0.033218192682250146	-0.10335704699211729	-0.022269738935231927	0.022420464551422003	0.029258778413643532	0.0933582651960024	0.065827673388429	0.02643088336824482	-0.04725135432700627	0.20225409291754734	-0.0
CNT18_ds5_S251	0.2016314230583693	-0.00815407377734657	-0.08044715042281231	-0.025811666320219823	-0.03694126055484801	-0.054627910653464486	-0.10627897404045698	0.27171884207126773	-0.03149918267858907	-0.023071768563992276	-0.06966820869467442	-0.0
CNT19_ds5_S239	0.20525262793027255	-0.043293259550744395	-0.03958808756941748	-0.033522008708312755	0.12782546375864956	-0.06916156679583477	-0.2072832894724337	-0.12090501066932983	-0.1510654323993305	0.05705226284388131	0.03848813183651702	-0.0
CNT21_ds5_S288	0.04774950872886941	0.33749103989586515	0.3943380940877112	0.03624185652515075	-0.003939957041934068	0.009482497007242408	-0.01885177840412973	0.013600232432303513	0.0018606255148407413	0.004544274477820272	0.008066259209048694	-0.0
CNT23_ds5_S255	0.2153244343957856	-0.08596987890834099	-0.030332473179809492	0.12410115308441066	0.012995421663515775	-0.014268587109584865	-0.06573586556894699	-0.03805856679357075	0.234503894269637	0.10962868385184196	-0.014228323649369972	-0.0
CNT25_d14_S279	-0.2989051381195787	0.27587377561069676	-0.21509467392123216	-0.1847563939530988	-0.13275001242657075	-0.09701083373519168	0.0002258693456415871	-0.06629394687886765	0.03881357404848542	0.0304080011683581	-0.018201170691447083	-0.0
CNT28_ds5_S129_	-0.3899075501611791	-0.21611766133826496	0.12393330684133816	0.059909335651092466	0.03946877928454454	-0.2608947701001334	0.08858304544738926	0.015846586364179592	-0.007185052416879147	-0.018397027529612333	0.014005882248339206	-0.0
CNT29_ds5_S122	-0.41570117140287527	-0.18471517346787175	0.09876235217759628	-0.19174286863283838	0.0646411506427318	0.20262592482684635	-0.08859854671661513	0.0219611917575322	0.05026251304063765	-0.019163960973749037	0.004419444215860836	-0.0
CNT6_d7_S227	0.23125114737516209	0.008974721275738362	-0.04770471005051798	0.00875297798137735	0.07051477155391601	-0.0005522642802613722	0.024785231191112422	-0.10952325241395064	0.045343758686220155	-0.21089783641240825	-0.07645271793287414	-0.0

Biplot	0	0

Site constraints	0	0
