Eigvals	12
0.3087562855287704	0.19593907931102333	0.11356461409358995	0.0649349397809625	0.04855333952635466	0.0380528602500326	0.03109509640732843	0.01754363941919065	0.011571287412719927	0.006157801034494796	0.0015816043608262369	0.0

Proportion explained	12
0.36855396464765655	0.23388713977374315	0.1355589852889768	0.07751106818585086	0.05795679834882047	0.04542266236722783	0.03711736926228215	0.020941364323056457	0.013812330475254623	0.007350399299200741	0.0018879180279302078	0.0

Species	0	0

Site	12	12
CNT12_d7_S233	-0.05821727865726513	-0.04458493254591439	0.03352404082536892	0.08748290733799546	-0.06177616231630468	0.05344271798662816	-0.033191226952490265	0.0763762787895976	0.0012916565483167388	-0.027218920811665413	0.014102154421126443	0.0
CNT13_d14_S268	-0.019493814636712768	-0.10848383368543964	-0.002833242342679601	0.045312621416603555	0.06801146022357651	-0.0634093679907869	-0.023368544829348272	-0.05330848019504895	0.03221558357113087	-0.046656469111824514	0.00011096043711298466	0.0
CNT14_d14_S269	0.5234705214206836	0.05031041518829349	-0.03561691193013564	0.003518833753796991	-0.002691366117221175	0.012601066402424744	0.000743163366536398	0.0010995000522882744	-0.0016456518818872225	-0.000983320619769008	0.0003715081627360668	0.0
CNT17_d7_S238	-0.06779674262305992	-0.05484365013853819	-0.036386979184050525	0.0362674004826306	0.05099131973038575	0.09303638461425309	0.12529236708329344	-0.010798697958270551	-0.017663791778457706	-0.006651890166891811	-0.006637413988449838	0.0
CNT18_ds5_S251	-0.00026526336176361127	0.09196966513416517	0.2969355729715399	-0.02222987820440215	0.024146505509505048	-0.03710404519861568	0.02815337105046943	0.002944376473017183	-0.0096833434784406	0.006357411197175885	0.001018993819111685	0.0
CNT19_ds5_S239	-0.07685558684672451	0.07960331338583539	-0.02505415079793075	-0.06063436492642466	0.07959068231341525	0.08287367551921632	-0.0710682391652973	-0.03851650021356093	-0.010014583426186075	0.015787175648605156	0.017605009347903017	0.0
CNT21_ds5_S288	-0.06419507069694409	0.07949792421164434	0.00758086718606424	0.11491152210575854	-0.11994400001849413	0.018290689470101314	-0.021873311582018943	-0.061470349096350366	0.011941790659706342	0.02121616917975718	-0.008522043507901042	0.0
CNT23_ds5_S255	-0.02213062775467539	-0.16922040497093285	0.0024256647191773684	-0.17802081858791335	-0.1072056856855945	0.010881585696342282	0.014881743282637756	-0.012235440272081349	0.014892499940902632	-0.0061630623342335935	0.00018757359091257233	0.0
CNT25_d14_S279	-0.09258636010815073	0.21757690534865762	-0.12979166284555535	-0.021383266214953386	-0.02873131118647083	-0.09471558021998618	0.0546024038655378	0.007593067675368782	-0.016509796194480474	-0.0045558268542837555	0.013372939064604008	0.0
CNT28_ds5_S129_	-0.014928013208669653	-0.16655400079712684	-0.03658139585015725	0.03715438917570469	0.048426895218800226	-0.046780065417835144	0.01466256458541056	0.03324460306244728	0.04532940149119668	0.04799001632079391	0.00471030347695213	0.0
CNT29_ds5_S122	-0.027695375155978308	-0.1481151200399746	-0.03255543927305754	0.011200756364477253	0.011809879835206065	-0.04681066751069256	-0.050039714127963895	0.009495761358661273	-0.08018394876983652	0.007256493473844153	-0.011293414381722572	0.0
CNT6_d7_S227	-0.07930638837073935	0.1728437189093302	-0.041646363478584275	-0.053580102703273624	0.03737178249319582	0.017693606648950363	-0.038794576576766784	0.045575880323932824	0.03003018331803586	-0.0063777759215070855	-0.0250265704423855	0.0

Biplot	0	0

Site constraints	0	0
