Eigvals	16
0.6229916892717904	0.35538439260141064	0.2776138620317496	0.19656106756867103	0.13548172288125362	0.10760266632035001	0.08794786195604858	0.07529782882370104	0.06468748962675747	0.059339952551693075	0.05094782356173654	0.03177815248091604	0.030586450419657542	0.0167495329500081	0.004430708080797134	0.0

Proportion explained	16
0.29422467926264245	0.16783989373970892	0.13111065672582414	0.09283128179208211	0.06398490886336138	0.050818270180965776	0.041535757091880766	0.03556143671952185	0.030550416988684607	0.02802489793626351	0.024061487985663887	0.015008092214176894	0.014445278676230251	0.0079104200663987	0.002092521756594746	0.0

Species	0	0

Site	16	16
CFT1_ds0_S67	-0.03414654784122119	0.1305332151166126	0.15903834731823302	0.1561438831108916	-0.05714141489371484	0.05474053338645898	-0.03844247479320227	0.13316594699216888	0.03660133614251049	-0.035310277269800246	0.10090595443027926	0.03561882397928808	-0.021129983691072038	-0.028946588459914428	-0.009908522252903715	0.0
CFT11_d0_S11	0.21637078133745688	-0.028807294229638347	-0.0025975408755968482	-0.04898817294985967	0.03207167524914	0.04175574658272936	-0.043436424636331204	0.06156117863866488	-0.05368248316352256	-0.07044900688312102	0.028299711809338296	0.015869851679232803	0.08043067224436277	0.05850423538474842	0.028593062622439682	0.0
CFT12_d7_S48	0.022345466354678788	0.10220652855008874	0.12783151638118992	0.0036682893387460164	-0.05598843424880417	-0.003430625982519407	0.048499188917551686	-0.1451864765933128	0.0225566736464186	0.07374893147131639	0.05405126495875252	0.0447446854550768	-0.006209213846077997	-0.017078591642799495	0.03521560798438397	0.0
CFT13_d0_S13	-0.2897971017512858	-0.46466517328772444	0.22492142012363067	-0.02014235843738175	0.0036177378595683	-0.017201679741003197	0.01110118972913787	0.006636801116255539	-0.018913737530327174	0.0027253637310787494	-0.0025808600762386585	-0.0017500795390373509	-0.0006406768743121329	-8.025645465253937e-05	-0.0007351401148002619	0.0
CFT17_d7_S53	-0.2186296020641092	0.0665184883299764	-0.11324037959368065	-0.07129725652615815	0.052860286179736524	0.11040031579520128	-0.021030119800792557	0.09554467065142049	-0.034387168162023814	0.1592771531961431	-0.047965795112886414	0.026376862937968714	0.002721218331685773	-0.00016303704580073556	0.003654328673211186	0.0
CFT18_ds0_S18	0.2758993680802751	-0.13170026390491404	-0.11757159321276418	0.11648970652522388	0.0444892594676337	-0.035988585224259684	0.01277277324435538	0.0017202860325047455	0.029103230455746847	0.007037685234534466	-0.03081816870915975	0.06315151232268687	-0.10042767200475311	0.04671751397243298	-0.002128267957451978	0.0
CFT19_ds0_S32	-0.020032889921828577	0.09148202978819184	0.022772267206302557	-0.08206510535244012	-0.2250218828840292	-0.17642596718858208	-0.00995619519239555	0.052026027085982925	0.027403013277310734	0.007108773576847678	-0.07854513988954513	0.02005966987073205	0.024101417023406856	0.01076625106423806	-0.004691902714926764	0.0
CFT2_d0_S2	0.14847981198866728	0.021908037169541355	0.044181816486862036	-0.08975722534930512	0.015229436768010009	0.09634522725711053	0.03484196030690726	-0.08889362948838593	-0.025692575410776453	-0.032242744529697186	-0.026217789258791577	0.07591759817543793	0.04810127211090574	-0.012918182921589463	-0.03868872890302129	0.0
CFT20_d0_S20	0.29760506154890487	-0.16369875827907926	-0.13507338240727873	0.10627174281381144	0.025050453747927953	-0.025055289309319922	0.02360953592729507	0.01363040996961372	0.10520470710409403	0.060520647497914755	0.010509193704952895	-0.0489255207381084	0.07166495506121347	-0.04035374505497804	-0.002997843814516459	0.0
CFT21_ds1_S70	-0.3277079075863273	0.02987104530253135	-0.1813439170561569	-0.10533492865991731	0.10357237759770183	-0.0701141037252637	-0.12410493231380157	-0.05264965074822251	0.094369108238438	-0.05335762752484453	0.05128046767189394	0.020046400804945512	0.000870204803228701	-0.000708444489601062	-0.002031860533387898	0.0
CFT22_d14_S89	-0.048241632148235854	0.1508597532639843	0.11009682724264552	0.2122641046044731	0.13573864419448706	-0.11741119060779331	-0.06803548690906812	-0.04519277108659131	-0.10158076803796258	0.02071123203775976	-0.042370493573521406	-0.02727309344354734	0.02191396843314074	0.001062346822802123	-0.00723655200100703	0.0
CFT23_ds1_S34	0.17722372927391775	-0.0224550906936376	-0.052733501422227075	-0.11921065265374514	0.024315546215540603	-0.005039734330060064	-0.02868820559608521	0.028289594740750632	-0.07618718945810499	-0.07173612682524357	-0.047441827996584696	-0.012902281381943645	-0.051584354474165595	-0.08197967001713671	0.01692499960775377	0.0
CFT29_ds1_S72	0.025900651085306058	0.11397870648157259	0.18120121630828345	-0.030310578141603654	0.013025344859523969	0.12529084101671545	-0.03479497268365588	-0.02625197518293484	0.11065777179680036	-0.030032753880875028	-0.08860668653523447	-0.07676172165225162	-0.027868359873626493	0.024605402388204294	0.002406176674936103	0.0
CFT30_ds1_S36	0.16692340174215045	0.0008773894855029897	-0.01996661850060311	-0.13569682051710588	-0.07064289145118634	-0.011721363829481036	-0.039346282926243946	-0.02919801638916756	-0.07064809543402227	0.057710614547076745	0.10754958991753467	-0.07929676216336694	-0.03933030619277541	0.025358200094826425	-0.019230610449173367	0.0
CFT6_d7_S42	-0.12893141680537082	0.1266417329788092	-0.008934490571659468	-0.06664063750744141	0.11361533223298796	-0.06338445592260858	0.2324517792742952	0.05010320361551183	0.0077833039950254874	-0.03608312501607305	0.02405797459030086	-0.02510911729807622	-0.005748414362990775	0.010516424482291184	-0.001770168689665863	0.0
CFT9_ds0_S94	-0.2632611732929791	-0.02355034607181736	-0.23858198742718034	0.17460600970181167	-0.15479147089452408	0.0972403318226757	0.04455866745203339	-0.0553055993542576	-0.052587127459604595	-0.059628739363018185	-0.012107395931092113	-0.029766829009038064	0.003135273311831161	0.004698141876930766	0.002625421868129884	0.0

Biplot	0	0

Site constraints	0	0
