Eigvals	16
0.31472162583272284	0.18355970699296303	0.10108551801573995	0.06480446565536502	0.04192866869744912	0.03641037390073504	0.027889079057129874	0.018347698894400036	0.016478172274949965	0.01160998160902768	0.005962910129870384	0.002457755344717861	0.0	0.0	0.0	0.0

Proportion explained	16
0.38136244081617277	0.2224276063302524	0.12248989811122657	0.07852650459823671	0.0508068658844902	0.04412009827756187	0.033794459574237504	0.022232737312585	0.019967347278208286	0.014068340275424814	0.0072255281329269595	0.002978173408676968	0.0	0.0	0.0	0.0

Species	0	0

Site	16	16
CFT1_ds0_S67	-0.11877887188103378	0.00583942463466777	-0.07872099459921002	-0.00929805575636636	0.03305313040117646	-0.006408405771878952	0.04089537288202865	0.05839021259883835	0.04141921722005848	-0.046093876655672585	0.009203305656490583	-0.006319889384863187	-0.0	0.0	0.0	0.0
CFT11_d0_S11	-0.18076421316176053	-0.017411409916596877	-0.0553697612289694	-0.02016564888342306	0.07581559223808931	0.0012140092896557398	0.023014485421084946	-0.013117081188997294	-0.06711428696787228	0.032396002210756294	0.010234787470637411	0.005104068798856111	-0.0	0.0	0.0	0.0
CFT12_d7_S48	0.061154162776189826	0.16737629731440357	0.18739907579713344	-0.023562678279962612	0.0182296153080254	-0.04821839085196243	-0.028448196700045125	0.01500381887174492	0.0028611195089419325	-0.014950329002206471	0.019371636290961964	-0.014328420063615403	-0.0	0.0	0.0	0.0
CFT13_d0_S13	0.05660616306720684	-0.07915451152047587	0.13432412388492568	-0.1314314756480823	0.0009468037845208027	0.055029662898878055	0.02205767376547239	0.029308896508694962	-0.02393553933210864	0.022557237657485792	-0.006035267244115715	0.0035483584999729616	-0.0	0.0	0.0	0.0
CFT17_d7_S53	0.23149854332322498	-0.006147256731155712	-0.040951936596266066	0.06148966142053085	-0.03669104914972602	0.02455447833414658	0.0896792160276854	0.034987307276620694	0.013801998668342521	0.03382422242263698	0.02029620364058626	-0.0022091504830718664	-0.0	0.0	0.0	0.0
CFT18_ds0_S18	-0.1307945058167206	-0.11840923014584563	0.04886309907416533	0.04324532360007316	-0.049465667230175654	-0.016820046906650447	-0.023718460824915417	-0.02351079435725836	0.0026577209447152914	-0.014587643692296173	0.04927105087589048	0.020258785455622416	-0.0	0.0	0.0	0.0
CFT19_ds0_S32	-0.15393128093281147	-0.007468647971071166	-0.005126551641802876	-0.022138992682839306	-0.02070182200085104	0.06899458751854513	0.04135793218653324	-0.04952436414666269	0.017497163606959257	-0.029225337726903347	-0.009424924556499062	-0.004807787163921388	-0.0	0.0	0.0	0.0
CFT2_d0_S2	-0.03841053303448592	0.13647399706915544	0.02684283829330381	-0.007297352523796167	0.03178047458519187	0.021622709673723983	0.004048110884073084	0.012108476900186026	0.02202386316167792	-0.01566289003274472	-0.027679877238331315	0.030345138233675475	-0.0	0.0	0.0	0.0
CFT20_d0_S20	-0.15993322160765902	-0.1059166705476635	-0.007476919638535794	0.060029671914395046	0.02547715387387297	-0.0485007575985131	-0.05204295453858148	0.055389553223426605	0.02311695710490559	0.03821355681002736	-0.0179186431107945	-0.0005166308296754126	-0.0	0.0	0.0	0.0
CFT21_ds1_S70	0.1701118226338819	0.014460442552381285	-0.07387946189810367	-0.07516519128234327	0.01233441268962242	0.0035077801132271306	-0.050588834421448	-0.0461061141933421	0.06632082923482421	0.035650348029624315	0.006336757292412804	0.005090242923806675	-0.0	0.0	0.0	0.0
CFT22_d14_S89	0.22696930565954926	-0.16712712760650836	-0.06362272488338311	-0.0024760671360848758	0.06709641720269481	0.03768222406150925	-0.05768662181073656	0.00576910526766463	-0.027606051624985636	-0.04290209049812452	0.001287900048053913	-0.007823410276026397	-0.0	0.0	0.0	0.0
CFT23_ds1_S34	-0.12322199857062564	-0.09990996396136197	0.07005746619262933	0.05507905285356267	-0.06371369451940738	0.04558308066614201	-0.01572443148692379	-0.018732607814948288	0.014558669824382158	0.011758395850655511	-0.02047184582489197	-0.019280160169313904	-0.0	0.0	0.0	0.0
CFT29_ds1_S72	0.07391893554901605	-0.10617706095867871	-0.015922312265830192	-0.05720543252604412	-0.03861812553647422	-0.13686915741652284	0.04917330136156396	-0.03019617528862292	-0.011286345355554613	-0.015175730430202585	-0.02250266670110326	-3.3016220440191055e-05	-0.0	0.0	0.0	0.0
CFT30_ds1_S36	-0.07200814035193076	0.1599945584481097	-0.041864587972794215	0.027407595541653187	0.06439970230426999	-0.01453262080194704	0.0116838000030046	-0.040607353535727767	-0.0028603780961665988	0.015289395036886954	0.007072406542742955	-0.016338910187181435	-0.0	0.0	0.0	0.0
CFT6_d7_S42	0.18087894056936474	0.061805587975278395	0.040788267089575996	0.14775122837722218	0.000563093578073018	0.004635968173330843	-0.002149457591067988	-0.018123889846188214	-0.028905638291795797	-0.007945746316192659	-0.018109465525934083	0.009215729884700753	-0.0	0.0	0.0	0.0
CFT9_ds0_S94	-0.02329510822140606	0.16177157136536097	-0.12533961960683862	-0.04626163898849448	-0.12050603752890228	0.008524878618316405	-0.05155093515772841	0.028961009724571305	-0.04254929960632541	-0.003145513663730009	-0.0009313576161047534	-0.001904949018526993	-0.0	0.0	0.0	0.0

Biplot	0	0

Site constraints	0	0
