Eigvals	8
0.35491095192339134	0.17289114746932663	0.10615218745942401	0.09919830336156932	0.08089969530944216	0.05938234769435368	0.03655835342868359	0.0

Proportion explained	8
0.3900150409196311	0.1899917362072456	0.11665165448214213	0.10900996471101163	0.08890144923819762	0.06525583006217366	0.04017432437959837	0.0

Species	0	0

Site	8	8
CFT12_d7_S48	0.13459640919354712	-0.04198575712683912	0.1714337391262533	-0.07488861625152651	-0.05163527479585834	0.06612241436702039	0.11689595023090756	-0.0
CFT14_d7_S50	-0.37497348275097614	0.11747186483252708	0.08402487390723266	0.08071005919941344	-0.11438965922019159	-0.07879129665912818	-0.004475780878060964	-0.0
CFT17_d7_S53	-0.252112198387191	0.042860354654634746	-0.0015414994050102855	-0.007222448278012192	0.1577059944565104	0.14591323457613986	-0.02619548071588325	-0.0
CFT18_ds5_S54	0.23437149139225563	0.15119070219057135	0.03023121138594987	-0.1128436819576209	-0.07050035140970398	0.019893426655135653	-0.11831966767415524	-0.0
CFT19_ds5_S55	0.1486323887569742	-0.1689229480046818	0.1195975278821537	0.10939049826204834	0.11997746382321041	-0.09575351026696076	-0.04683480398772113	-0.0
CFT23_ds5_S59	0.22190457215589277	0.16510261634285112	-0.141870087247972	0.1727956615562364	0.004164627147381999	0.013813865632857355	0.05560038772416365	-0.0
CFT30_ds5_S66	-0.051370837841687375	-0.27697037341625186	-0.13668375538292638	0.011850017447345831	-0.12233086696165114	0.0516406610635154	-0.024604285952524136	-0.0
CFT6_d7_S42	-0.06104834251881431	0.01125354052718775	-0.12519201026568108	-0.17979148997788466	0.07700806696030305	-0.12283879536857924	0.047933681253273575	-0.0

Biplot	0	0

Site constraints	0	0
