Eigvals	8
0.22074409999752473	0.12328239488123134	0.0920677376861329	0.03540471426679172	0.02046053888614664	0.0013745520361482556	0.0	0.0

Proportion explained	8
0.44745361784181054	0.2498963895588975	0.18662352613108532	0.07176621022944286	0.04147400608986614	0.002786250148897573	0.0	0.0

Species	0	0

Site	8	8
CFT12_d7_S48	0.16615003056859332	0.06771178702203211	-0.11293205633651066	-0.07997089590596236	0.012780245745167848	-0.013171296236669154	0.0	0.0
CFT14_d7_S50	-0.14083842293297943	0.10730560529482415	0.22086698746124425	-0.059307781321588864	0.013307579926734566	-0.008339884102517774	0.0	0.0
CFT17_d7_S53	-0.10810299705559291	-0.15421326765249033	0.053558766581378245	0.06405747860577832	0.01533346648609172	0.008909774534843509	0.0	0.0
CFT18_ds5_S54	0.0035811199615420294	-0.12143847431633908	-0.009060103604099989	0.03111765436076849	-0.09632045649614823	-0.017640803268749904	0.0	0.0
CFT19_ds5_S55	-0.21101126051275965	0.17304900261198952	-0.12861542797636868	0.08450331240442222	0.02226962977388075	-0.0028872651111347945	0.0	0.0
CFT23_ds5_S59	0.33648086508301017	0.08309263501023603	0.07696042770629596	0.07505218116333252	0.0055682436804066785	0.00889550899785736	0.0	0.0
CFT30_ds5_S66	-0.06047023463825568	0.02152470028895738	-0.054761767547496405	-0.07988530865957646	-0.05616249807708905	0.02553011772338883	0.0	0.0
CFT6_d7_S42	0.01421089952644195	-0.17703198825920943	-0.04601682628444253	-0.03556664064717368	0.08322378896095585	-0.00129615253701832	0.0	0.0

Biplot	0	0

Site constraints	0	0
